((256, 2, 0.1), (32, False, 2)): (0.9912620981534322, 0.9811061024665833)
((256, 2, 0.25), (32, False, 2)): (0.9884050885836283, 0.9862049619356791)
((256, 2, 0.5), (32, False, 2)): (0.966966966787974, 0.9856418967247009)
((512, 1, 0.1), (32, False, 2)): (0.9938897291819254, 0.9752877950668335)
((512, 1, 0.25), (32, False, 2)): (0.9937854409217834, 0.9818568627039591)
((512, 1, 0.5), (32, False, 2)): (0.9896563490231832, 0.9859547019004822)
((256, 2, 0.1), (16, False, 3)): (0.9934309323628744, 0.9804491996765137)
((256, 2, 0.25), (16, False, 3)): (0.9877168734868368, 0.9819819927215576)
((256, 2, 0.5), (16, False, 3)): (0.9706998467445374, 0.9855480392773946)
((512, 1, 0.1), (16, False, 3)): (0.993868867556254, 0.9834209283192953)
((512, 1, 0.25), (16, False, 3)): (0.9952035347620646, 0.9792917966842651)
((512, 1, 0.5), (16, False, 3)): (0.9908033212025961, 0.9847660064697266)
((256, 2, 0.1), (32, False, 3)): (0.9926384687423706, 0.9841716686884562)
((256, 2, 0.25), (32, False, 3)): (0.9888221621513367, 0.9860798319180807)
((256, 2, 0.5), (32, False, 3)): (0.968927264213562, 0.9881443778673807)
((512, 1, 0.1), (32, False, 3)): (0.9962879419326782, 0.9827014605204264)
((512, 1, 0.25), (32, False, 3)): (0.9944944977760315, 0.9829204281171163)
((512, 1, 0.5), (32, False, 3)): (0.9915749033292135, 0.9895833134651184)