((0, 0), (0, False, 0)): (0.9021312991778055, 0.8697134653727213)
((128, 1), (0, False, 0)): (0.9035910964012146, 0.8778778910636902)
((128, 2), (0, False, 0)): (0.9112862944602966, 0.8886386553446451)
((128, 3), (0, False, 0)): (0.9131006002426147, 0.9007757703463236)
((256, 1), (0, False, 0)): (0.9192317326863607, 0.9037162065505981)
((256, 2), (0, False, 0)): (0.9255296985308329, 0.8901401360829672)
((256, 3), (0, False, 0)): (0.9262178937594095, 0.9148210684458414)
((512, 1), (0, False, 0)): (0.9245078365008036, 0.903434693813324)
((512, 2), (0, False, 0)): (0.9286161065101624, 0.905999759833018)
((512, 3), (0, False, 0)): (0.9277193943659464, 0.9069381952285767)
((0, 0), (0, True, 0)): (0.7181973656018575, 0.7108358343442281)
((128, 1), (0, True, 0)): (0.8100183407465616, 0.7881944378217062)
((128, 2), (0, True, 0)): (0.8456372817357382, 0.8336148659388224)
((128, 3), (0, True, 0)): (0.8521438042322794, 0.8215715885162354)
((256, 1), (0, True, 0)): (0.8439481059710184, 0.8250750700632731)
((256, 2), (0, True, 0)): (0.8830705682436625, 0.8404029011726379)
((256, 3), (0, True, 0)): (0.8874916831652323, 0.843499759833018)
((512, 1), (0, True, 0)): (0.8640515605608622, 0.8335835735003153)
((512, 2), (0, True, 0)): (0.9009009003639221, 0.8774086634318033)
((512, 3), (0, True, 0)): (0.8976684808731079, 0.8675237695376078)
((0, 0), (8, False, 1)): (0.9913663665453593, 0.9592404762903849)
((128, 1), (8, False, 1)): (0.9884050885836283, 0.961086094379425)
((128, 2), (8, False, 1)): (0.9853395024935404, 0.9511699080467224)
((128, 3), (8, False, 1)): (0.9815440575281779, 0.9459772308667501)
((256, 1), (8, False, 1)): (0.9909075697263082, 0.9605230291684469)
((256, 2), (8, False, 1)): (0.9906156261761984, 0.9663413365681967)
((256, 3), (8, False, 1)): (0.983963131904602, 0.9584271907806396)
((512, 1), (8, False, 1)): (0.9937437574068705, 0.9665290315945944)
((512, 2), (8, False, 1)): (0.9880088369051615, 0.9593968987464905)
((512, 3), (8, False, 1)): (0.9868409832318624, 0.9487299720446268)
((0, 0), (8, True, 1)): (0.9779571294784546, 0.954923669497172)
((128, 1), (8, True, 1)): (0.986674169699351, 0.9635573029518127)
((128, 2), (8, True, 1)): (0.9812520742416382, 0.9622434973716736)
((128, 3), (8, True, 1)): (0.9788747032483419, 0.9537037014961243)
((256, 1), (8, True, 1)): (0.9888638655344645, 0.9644331733385721)
((256, 2), (8, True, 1)): (0.9857148925463358, 0.9638388355573019)
((256, 3), (8, True, 1)): (0.9831081032752991, 0.956206202507019)
((512, 1), (8, True, 1)): (0.9891141255696615, 0.96749875942866)
((512, 2), (8, True, 1)): (0.9914914965629578, 0.9613988995552063)
((512, 3), (8, True, 1)): (0.9855271975199381, 0.950575570265452)
((0, 0), (16, False, 1)): (0.9929721355438232, 0.9594281713167826)
((128, 1), (16, False, 1)): (0.9912203749020895, 0.9565503001213074)
((128, 2), (16, False, 1)): (0.9920545617739359, 0.9514827529589335)
((128, 3), (16, False, 1)): (0.9863822062810262, 0.9532970587412516)
((256, 1), (16, False, 1)): (0.9916374683380127, 0.9651839335759481)
((256, 2), (16, False, 1)): (0.9891975522041321, 0.9563000599543253)
((256, 3), (16, False, 1)): (0.9879671335220337, 0.9491366346677145)
((512, 1), (16, False, 1)): (0.9924299319585165, 0.9663413564364115)
((512, 2), (16, False, 1)): (0.9865073561668396, 0.9529216686884562)
((512, 3), (16, False, 1)): (0.9877168734868368, 0.9567692677179972)
((0, 0), (16, True, 1)): (0.9886761903762817, 0.9634947379430135)
((128, 1), (16, True, 1)): (0.9911369681358337, 0.9682807723681132)
((128, 2), (16, True, 1)): (0.9864447712898254, 0.9609922568003336)
((128, 3), (16, True, 1)): (0.9804179072380066, 0.9569256703058878)
((256, 1), (16, True, 1)): (0.9909284313519796, 0.9677802721659342)
((256, 2), (16, True, 1)): (0.9879254301389059, 0.9652777711550394)
((256, 3), (16, True, 1)): (0.9871538082758585, 0.956487754980723)
((512, 1), (16, True, 1)): (0.9902819593747457, 0.9681556423505148)
((512, 2), (16, True, 1)): (0.9920754035313925, 0.9724099040031433)
((512, 3), (16, True, 1)): (0.9865073561668396, 0.9700012604395548)
((0, 0), (32, False, 1)): (0.9957874615987142, 0.963870127995809)
((128, 1), (32, False, 1)): (0.9917834401130676, 0.9650588035583496)
((128, 2), (32, False, 1)): (0.9891766707102457, 0.9594594836235046)
((128, 3), (32, False, 1)): (0.9870912631352743, 0.9565190076828003)
((256, 1), (32, False, 1)): (0.991554061571757, 0.9641829331715902)
((256, 2), (32, False, 1)): (0.9870912631352743, 0.9595533013343811)
((256, 3), (32, False, 1)): (0.9874249299367269, 0.9636198679606119)
((512, 1), (32, False, 1)): (0.9938897291819254, 0.9724411765734354)
((512, 2), (32, False, 1)): (0.9924299319585165, 0.9642454981803894)
((512, 3), (32, False, 1)): (0.9870912631352743, 0.9565190275510153)
((0, 0), (32, True, 1)): (0.9930764039357504, 0.9680305520693461)
((128, 1), (32, True, 1)): (0.9909075895945231, 0.9693443377812704)
((128, 2), (32, True, 1)): (0.9876751701037089, 0.9708458383878072)
((128, 3), (32, True, 1)): (0.9855897426605225, 0.9669044017791748)
((256, 1), (32, True, 1)): (0.9918668667475382, 0.9735985994338989)
((256, 2), (32, True, 1)): (0.9887387553850809, 0.966685434182485)
((256, 3), (32, True, 1)): (0.9874040484428406, 0.9581456581751505)
((512, 1), (32, True, 1)): (0.9934726357460022, 0.9793543418248495)
((512, 2), (32, True, 1)): (0.990240236123403, 0.9698448578516642)
((512, 3), (32, True, 1)): (0.9895311991373698, 0.9715965986251831)
((0, 0), (8, False, 2)): (0.9929095904032389, 0.9602415164311727)
((128, 1), (8, False, 2)): (0.9916166265805563, 0.9672484993934631)
((128, 2), (8, False, 2)): (0.9910326997439066, 0.9654029011726379)
((128, 3), (8, False, 2)): (0.9890932440757751, 0.9588651061058044)
((256, 1), (8, False, 2)): (0.9950575431187948, 0.9722847739855448)
((256, 2), (8, False, 2)): (0.9929721355438232, 0.9645583033561707)
((256, 3), (8, False, 2)): (0.9888847271601359, 0.9693443377812704)
((512, 1), (8, False, 2)): (0.9920754035313925, 0.9761011004447937)
((512, 2), (8, False, 2)): (0.9940357208251953, 0.9714714884757996)
((512, 3), (8, False, 2)): (0.9926176071166992, 0.9607107043266296)
((0, 0), (8, True, 2)): (0.9651943643887838, 0.9430367747942606)
((128, 1), (8, True, 2)): (0.9756214618682861, 0.9573323329289755)
((128, 2), (8, True, 2)): (0.9719719489415487, 0.950825830300649)
((128, 3), (8, True, 2)): (0.9720970988273621, 0.9545170068740845)
((256, 1), (8, True, 2)): (0.9836920102437338, 0.9566441377003988)
((256, 2), (8, True, 2)): (0.9823573430379232, 0.9527965585390726)
((256, 3), (8, True, 2)): (0.9799799720446268, 0.956456462542216)
((512, 1), (8, True, 2)): (0.986569901307424, 0.9622434973716736)
((512, 2), (8, True, 2)): (0.986173689365387, 0.9648398359616598)
((512, 3), (8, True, 2)): (0.9817734360694885, 0.951607863108317)
((0, 0), (16, False, 2)): (0.9949949979782104, 0.9765390555063883)
((128, 1), (16, False, 2)): (0.9951409896214803, 0.9696884552637736)
((128, 2), (16, False, 2)): (0.990699052810669, 0.9719094038009644)
((128, 3), (16, False, 2)): (0.9883008003234863, 0.9613050818443298)
((256, 1), (16, False, 2)): (0.9942442377408346, 0.9689689675966898)
((256, 2), (16, False, 2)): (0.9927844405174255, 0.9775400360425314)
((256, 3), (16, False, 2)): (0.9899065693219503, 0.9748498598734537)
((512, 1), (16, False, 2)): (0.9955580830574036, 0.9730355342229208)
((512, 2), (16, False, 2)): (0.9973932107289633, 0.9770082434018453)
((512, 3), (16, False, 2)): (0.9922005335489908, 0.9743493398030599)
((0, 0), (16, True, 2)): (0.9813146392504374, 0.9583646257718405)
((128, 1), (16, True, 2)): (0.9860068360964457, 0.9659972588221232)
((128, 2), (16, True, 2)): (0.9827952980995178, 0.9616178472836813)
((128, 3), (16, True, 2)): (0.9834000666936239, 0.9736924370129904)
((256, 1), (16, True, 2)): (0.9885093371073405, 0.9749124050140381)
((256, 2), (16, True, 2)): (0.9896771709124247, 0.96771772702535)
((256, 3), (16, True, 2)): (0.987278938293457, 0.9643080631891886)
((512, 1), (16, True, 2)): (0.9920128583908081, 0.9702202280362447)
((512, 2), (16, True, 2)): (0.9898648659388224, 0.9675925970077515)
((512, 3), (16, True, 2)): (0.9885719021161398, 0.9751313726107279)
((0, 0), (32, False, 2)): (0.9965590635935465, 0.9729104240735372)
((128, 1), (32, False, 2)): (0.9935560623804728, 0.9657782713572184)
((128, 2), (32, False, 2)): (0.9920337001482645, 0.9693756302197775)
((128, 3), (32, False, 2)): (0.9923673669497172, 0.9792605042457581)
((256, 1), (32, False, 2)): (0.9964547753334045, 0.9804179271062216)
((256, 2), (32, False, 2)): (0.9949324131011963, 0.980292797088623)
((256, 3), (32, False, 2)): (0.9941816926002502, 0.9725663264592489)
((512, 1), (32, False, 2)): (0.9965590635935465, 0.983358363310496)
((512, 2), (32, False, 2)): (0.9950158397356669, 0.9791666666666666)
((512, 3), (32, False, 2)): (0.9913872281710306, 0.9783220688501993)
((0, 0), (32, True, 2)): (0.9927218953768412, 0.9746308922767639)
((128, 1), (32, True, 2)): (0.9893852074941, 0.97309809923172)
((128, 2), (32, True, 2)): (0.9875500599543253, 0.9723473389943441)
((128, 3), (32, True, 2)): (0.9841716885566711, 0.9725663065910339)
((256, 1), (32, True, 2)): (0.9928887089093527, 0.9737862745920817)
((256, 2), (32, True, 2)): (0.9914706349372864, 0.9798861344655355)
((256, 3), (32, True, 2)): (0.989739735921224, 0.9774149060249329)
((512, 1), (32, True, 2)): (0.9932849605878195, 0.9814502000808716)
((512, 2), (32, True, 2)): (0.9924299120903015, 0.9740052620569865)
((512, 3), (32, True, 2)): (0.9870495398839315, 0.9767580032348633)
((0, 0), (8, False, 3)): (0.9937437375386556, 0.9675300319989523)
((128, 1), (8, False, 3)): (0.9920128385225931, 0.9710022608439127)
((128, 2), (8, False, 3)): (0.9917417367299398, 0.9718155662218729)
((128, 3), (8, False, 3)): (0.9901359677314758, 0.9685623049736023)
((256, 1), (8, False, 3)): (0.9950158596038818, 0.9741303523381551)
((256, 2), (8, False, 3)): (0.9913038015365601, 0.9776338934898376)
((256, 3), (8, False, 3)): (0.992158830165863, 0.9706894357999166)
((512, 1), (8, False, 3)): (0.9956831733385721, 0.9703453381856283)
((512, 2), (8, False, 3)): (0.9917417565981547, 0.9686248699824015)
((512, 3), (8, False, 3)): (0.9929721554120382, 0.967467466990153)
((0, 0), (8, True, 3)): (0.7758591969807943, 0.7647960583368937)
((128, 1), (8, True, 3)): (0.8892851074536642, 0.8752189675966898)
((128, 2), (8, True, 3)): (0.8859693010648092, 0.8709021608034769)
((128, 3), (8, True, 3)): (0.8936019341150919, 0.8748123049736023)
((256, 1), (8, True, 3)): (0.904362678527832, 0.8846659262975057)
((256, 2), (8, True, 3)): (0.9087003668149313, 0.880912184715271)
((256, 3), (8, True, 3)): (0.9330997665723165, 0.894206702709198)
((512, 1), (8, True, 3)): (0.931264599164327, 0.8998686075210571)
((512, 2), (8, True, 3)): (0.9457999666531881, 0.9080017606417338)
((512, 3), (8, True, 3)): (0.9336836934089661, 0.9016203681627909)
((0, 0), (16, False, 3)): (0.9955163399378458, 0.9736924370129904)
((128, 1), (16, False, 3)): (0.995120127995809, 0.9765703280766805)
((128, 2), (16, False, 3)): (0.9942859411239624, 0.9763200680414835)
((128, 3), (16, False, 3)): (0.9915957450866699, 0.9752252300580343)
((256, 1), (16, False, 3)): (0.9972681005795797, 0.9769769708315531)
((256, 2), (16, False, 3)): (0.992659310499827, 0.9772272308667501)
((256, 3), (16, False, 3)): (0.9912412365277609, 0.9601163665453593)
((512, 1), (16, False, 3)): (0.9959959983825684, 0.9832645257314047)
((512, 2), (16, False, 3)): (0.9946613311767578, 0.9781656662623087)
((512, 3), (16, False, 3)): (0.9908867081006368, 0.9783846338589987)
((0, 0), (16, True, 3)): (0.9265515406926473, 0.9129441976547241)
((128, 1), (16, True, 3)): (0.950471301873525, 0.9285848339398702)
((128, 2), (16, True, 3)): (0.9624624451001486, 0.9417855540911356)
((128, 3), (16, True, 3)): (0.9581873615582784, 0.9412850340207418)
((256, 1), (16, True, 3)): (0.9630672335624695, 0.9445695678393046)
((256, 2), (16, True, 3)): (0.9676343003908793, 0.9512324929237366)
((256, 3), (16, True, 3)): (0.965611457824707, 0.9273648659388224)
((512, 1), (16, True, 3)): (0.9714297652244568, 0.9404091636339823)
((512, 2), (16, True, 3)): (0.9695945978164673, 0.9500125050544739)
((512, 3), (16, True, 3)): (0.9686353007952372, 0.9473848938941956)
((0, 0), (32, False, 3)): (0.9960794051488241, 0.978509763876597)
((128, 1), (32, False, 3)): (0.9952869613965353, 0.9808245698610941)
((128, 2), (32, False, 3)): (0.9937437574068705, 0.9751313924789429)
((128, 3), (32, False, 3)): (0.9946404695510864, 0.9780092636744181)
((256, 1), (32, False, 3)): (0.9949949781099955, 0.9797297318776449)
((256, 2), (32, False, 3)): (0.9949741363525391, 0.9824824730555216)
((256, 3), (32, False, 3)): (0.9923256436983744, 0.9671859343846639)
((512, 1), (32, False, 3)): (0.9960585633913676, 0.9813563625017802)
((512, 2), (32, False, 3)): (0.9933892289797465, 0.9703766504923502)
((512, 3), (32, False, 3)): (0.994119127591451, 0.974380632241567)
((0, 0), (32, True, 3)): (0.9791041016578674, 0.9600225289662679)
((128, 1), (32, True, 3)): (0.981648325920105, 0.9660285313924154)
((128, 2), (32, True, 3)): (0.9822322328885397, 0.9544857541720072)
((128, 3), (32, True, 3)): (0.9805013338724772, 0.9470095038414001)
((256, 1), (32, True, 3)): (0.9850475390752157, 0.9581456581751505)
((256, 2), (32, True, 3)): (0.9847555955251058, 0.9670921166737875)
((256, 3), (32, True, 3)): (0.9817108710606893, 0.961336354414622)
((512, 1), (32, True, 3)): (0.9855271975199381, 0.9723786314328512)
((512, 2), (32, True, 3)): (0.9881965120633444, 0.9574261903762817)
((512, 3), (32, True, 3)): (0.9796463251113892, 0.9706268707911173)